balloon
+-----+-----------+-----------+-----------+-----------+-----------+------------+-----------+-----------+-----------+-----------+-----------+-----------+-----------+------------+-----------+-----------+-----------+-----------+-----------+-----------+-----------+------------+-----------+-----------+-----------+-----------+-----------+-----------+-----------+------------+-----------+-----------+
| Run |   l2FBFXD |  l2FBFREE |  maxFBFXD | maxFBFREE | meanFBFXD | meanFBFREE |  rmsFBFXD | rmsFBFREE |   l2BSFXD |  l2BSFREE |  maxBSFXD | maxBSFREE | meanBSFXD | meanBSFREE |  rmsBSFXD | rmsBSFREE |   l2ARFXD |  l2ARFREE |  maxARFXD | maxARFREE | meanARFXD | meanARFREE |  rmsARFXD | rmsARFREE |   l2K2FXD |  l2K2FREE |  maxK2FXD | maxK2FREE | meanK2FXD | meanK2FREE |  rmsK2FXD | rmsK2FREE |
+-----+-----------+-----------+-----------+-----------+-----------+------------+-----------+-----------+-----------+-----------+-----------+-----------+-----------+------------+-----------+-----------+-----------+-----------+-----------+-----------+-----------+------------+-----------+-----------+-----------+-----------+-----------+-----------+-----------+------------+-----------+-----------+
| 001 | 7.987e+05 | 1.228e+06 | 2.218e+05 | 2.971e+05 | 3.860e+04 |  6.144e+04 | 5.221e+04 | 8.025e+04 | 4.147e+00 | 7.307e-01 | 4.147e+00 | 7.307e-01 | 4.147e+00 |  7.307e-01 | 4.147e+00 | 7.307e-01 | 1.051e+01 | 1.045e+01 | 1.051e+01 | 1.045e+01 | 1.051e+01 |  1.045e+01 | 1.051e+01 | 1.045e+01 | 2.294e+01 | 2.524e+01 | 8.920e+00 | 9.480e+00 | 1.544e+00 |  1.564e+00 | 2.121e+00 | 2.334e+00 |
| 002 | 5.717e+05 | 1.228e+06 | 2.140e+05 | 2.971e+05 | 2.641e+04 |  6.144e+04 | 3.737e+04 | 8.025e+04 | 4.603e-03 | 7.307e-01 | 4.603e-03 | 7.307e-01 | 4.603e-03 |  7.307e-01 | 4.603e-03 | 7.307e-01 | 1.025e+01 | 1.045e+01 | 1.025e+01 | 1.045e+01 | 1.025e+01 |  1.045e+01 | 1.025e+01 | 1.045e+01 | 3.328e+01 | 2.524e+01 | 2.184e+01 | 9.480e+00 | 1.555e+00 |  1.564e+00 | 3.077e+00 | 2.334e+00 |
| 003 | 7.987e+05 | 1.228e+06 | 2.218e+05 | 2.971e+05 | 3.860e+04 |  6.144e+04 | 5.221e+04 | 8.025e+04 | 4.147e+00 | 7.307e-01 | 4.147e+00 | 7.307e-01 | 4.147e+00 |  7.307e-01 | 4.147e+00 | 7.307e-01 | 1.051e+01 | 1.045e+01 | 1.051e+01 | 1.045e+01 | 1.051e+01 |  1.045e+01 | 1.051e+01 | 1.045e+01 | 2.294e+01 | 2.524e+01 | 8.920e+00 | 9.480e+00 | 1.544e+00 |  1.564e+00 | 2.121e+00 | 2.334e+00 |
| 004 | 5.801e+05 | 1.228e+06 | 2.165e+05 | 2.971e+05 | 2.672e+04 |  6.144e+04 | 3.792e+04 | 8.025e+04 | 2.380e-05 | 7.307e-01 | 2.380e-05 | 7.307e-01 | 2.380e-05 |  7.307e-01 | 2.380e-05 | 7.307e-01 | 1.024e+01 | 1.045e+01 | 1.024e+01 | 1.045e+01 | 1.024e+01 |  1.045e+01 | 1.024e+01 | 1.045e+01 | 3.398e+01 | 2.524e+01 | 2.243e+01 | 9.480e+00 | 1.561e+00 |  1.564e+00 | 3.142e+00 | 2.334e+00 |
| 005 | 7.987e+05 | 1.228e+06 | 2.218e+05 | 2.971e+05 | 3.860e+04 |  6.144e+04 | 5.221e+04 | 8.025e+04 | 4.147e+00 | 7.307e-01 | 4.147e+00 | 7.307e-01 | 4.147e+00 |  7.307e-01 | 4.147e+00 | 7.307e-01 | 1.051e+01 | 1.045e+01 | 1.051e+01 | 1.045e+01 | 1.051e+01 |  1.045e+01 | 1.051e+01 | 1.045e+01 | 2.294e+01 | 2.524e+01 | 8.920e+00 | 9.480e+00 | 1.544e+00 |  1.564e+00 | 2.121e+00 | 2.334e+00 |
| 006 | 5.717e+05 | 1.228e+06 | 2.140e+05 | 2.971e+05 | 2.641e+04 |  6.144e+04 | 3.737e+04 | 8.025e+04 | 4.603e-03 | 7.307e-01 | 4.603e-03 | 7.307e-01 | 4.603e-03 |  7.307e-01 | 4.603e-03 | 7.307e-01 | 1.025e+01 | 1.045e+01 | 1.025e+01 | 1.045e+01 | 1.025e+01 |  1.045e+01 | 1.025e+01 | 1.045e+01 | 3.328e+01 | 2.524e+01 | 2.184e+01 | 9.480e+00 | 1.555e+00 |  1.564e+00 | 3.077e+00 | 2.334e+00 |
| 007 | 7.987e+05 | 1.228e+06 | 2.218e+05 | 2.971e+05 | 3.860e+04 |  6.144e+04 | 5.221e+04 | 8.025e+04 | 4.147e+00 | 7.307e-01 | 4.147e+00 | 7.307e-01 | 4.147e+00 |  7.307e-01 | 4.147e+00 | 7.307e-01 | 1.051e+01 | 1.045e+01 | 1.051e+01 | 1.045e+01 | 1.051e+01 |  1.045e+01 | 1.051e+01 | 1.045e+01 | 2.294e+01 | 2.524e+01 | 8.920e+00 | 9.480e+00 | 1.544e+00 |  1.564e+00 | 2.121e+00 | 2.334e+00 |
| 008 | 5.801e+05 | 1.228e+06 | 2.165e+05 | 2.971e+05 | 2.672e+04 |  6.144e+04 | 3.792e+04 | 8.025e+04 | 2.380e-05 | 7.307e-01 | 2.380e-05 | 7.307e-01 | 2.380e-05 |  7.307e-01 | 2.380e-05 | 7.307e-01 | 1.024e+01 | 1.045e+01 | 1.024e+01 | 1.045e+01 | 1.024e+01 |  1.045e+01 | 1.024e+01 | 1.045e+01 | 3.398e+01 | 2.524e+01 | 2.243e+01 | 9.480e+00 | 1.561e+00 |  1.564e+00 | 3.142e+00 | 2.334e+00 |
| 009 | 7.987e+05 | 1.228e+06 | 2.218e+05 | 2.971e+05 | 3.860e+04 |  6.144e+04 | 5.221e+04 | 8.025e+04 | 4.147e+00 | 7.307e-01 | 4.147e+00 | 7.307e-01 | 4.147e+00 |  7.307e-01 | 4.147e+00 | 7.307e-01 | 1.051e+01 | 1.045e+01 | 1.051e+01 | 1.045e+01 | 1.051e+01 |  1.045e+01 | 1.051e+01 | 1.045e+01 | 2.294e+01 | 2.524e+01 | 8.920e+00 | 9.480e+00 | 1.544e+00 |  1.564e+00 | 2.121e+00 | 2.334e+00 |
| 010 | 5.717e+05 | 1.228e+06 | 2.140e+05 | 2.971e+05 | 2.641e+04 |  6.144e+04 | 3.737e+04 | 8.025e+04 | 4.603e-03 | 7.307e-01 | 4.603e-03 | 7.307e-01 | 4.603e-03 |  7.307e-01 | 4.603e-03 | 7.307e-01 | 1.025e+01 | 1.045e+01 | 1.025e+01 | 1.045e+01 | 1.025e+01 |  1.045e+01 | 1.025e+01 | 1.045e+01 | 3.328e+01 | 2.524e+01 | 2.184e+01 | 9.480e+00 | 1.555e+00 |  1.564e+00 | 3.077e+00 | 2.334e+00 |
| 011 | 7.987e+05 | 1.228e+06 | 2.218e+05 | 2.971e+05 | 3.860e+04 |  6.144e+04 | 5.221e+04 | 8.025e+04 | 4.147e+00 | 7.307e-01 | 4.147e+00 | 7.307e-01 | 4.147e+00 |  7.307e-01 | 4.147e+00 | 7.307e-01 | 1.051e+01 | 1.045e+01 | 1.051e+01 | 1.045e+01 | 1.051e+01 |  1.045e+01 | 1.051e+01 | 1.045e+01 | 2.294e+01 | 2.524e+01 | 8.920e+00 | 9.480e+00 | 1.544e+00 |  1.564e+00 | 2.121e+00 | 2.334e+00 |
| 012 | 5.801e+05 | 1.228e+06 | 2.165e+05 | 2.971e+05 | 2.672e+04 |  6.144e+04 | 3.792e+04 | 8.025e+04 | 2.380e-05 | 7.307e-01 | 2.380e-05 | 7.307e-01 | 2.380e-05 |  7.307e-01 | 2.380e-05 | 7.307e-01 | 1.024e+01 | 1.045e+01 | 1.024e+01 | 1.045e+01 | 1.024e+01 |  1.045e+01 | 1.024e+01 | 1.045e+01 | 3.398e+01 | 2.524e+01 | 2.243e+01 | 9.480e+00 | 1.561e+00 |  1.564e+00 | 3.142e+00 | 2.334e+00 |
+-----+-----------+-----------+-----------+-----------+-----------+------------+-----------+-----------+-----------+-----------+-----------+-----------+-----------+------------+-----------+-----------+-----------+-----------+-----------+-----------+-----------+------------+-----------+-----------+-----------+-----------+-----------+-----------+-----------+------------+-----------+-----------+
